0
1
2501
3
6148
2681
9520
3434
779
7525
7263
2110
4212
13
2137
1107
9877
8412
18
9473
4383
7657
5690
1761
24
2580
9011
7189
28
4517
3583
2891
6619
6534
4716
35
6106
8645
8635
6304
8433
5490
5921
4317
8167
1782
6452
1734
6364
6282
8725
8139
6725
4456
54
6840
6647
8922
362
59
3056
9633
2518
63
2865
8107
9638
5074
6254
580
70
2157
3216
7148
1080
3613
7962
77
3189
6494
7905
5717
1058
83
3723
8051
8721
87
7862
7467
4095
7845
4169
9648
2190
2710
941
97
8416
161
5028
101
102
103
5983
8303
1124
9395
1501
3751
1770
450
112
9921
4264
1397
8512
7209
7456
4451
120
385
2685
7524
124
125
7978
8563
7598
409
848
1540
9542
7138
7145
8215
669
137
720
5881
5686
8396
1267
733
991
3277
1819
147
2689
2628
150
9009
2233
5192
154
7753
700
157
2208
8305
2339
498
3224
4778
8504
2784
166
167
5629
5767
170
172
1244
1416
6756
7860
606
3382
4157
1883
3353
1214
182
5377
5559
9651
9665
187
394
9429
3937
3789
192
4011
5171
2970
1823
9927
3437
3687
9203
1237
379
6974
1979
7649
228
8619
3493
209
1145
787
9858
2786
2243
9109
2491
7208
3175
2058
872
821
222
7125
6584
9004
5354
9717
7801
4519
230
135
4933
3886
1593
8355
4354
480
7245
3188
7098
1406
7321
7222
3248
3044
8271
247
3512
8739
5886
251
2827
4073
4344
2112
9294
2068
8856
9739
260
261
5807
1071
9223
8669
7416
6742
9828
8377
7130
271
6667
7452
274
7630
5532
7564
9909
6993
6499
255
3092
7395
6851
285
6522
3835
4002
4561
8372
3775
403
5027
6421
2484
5579
7781
4537
7828
8618
8383
7225
2656
304
6536
3899
9030
3120
309
310
2407
7651
2851
352
7541
2485
6446
8496
9455
7568
6854
1561
95
4488
3024
8191
528
5334
9907
6332
4749
819
7432
8031
3456
336
3193
2402
6295
5268
2533
4216
343
344
2843
9646
2613
6020
1256
970
5848
952
4319
1102
355
1631
4496
141
7661
360
348
726
363
4985
2416
8142
4929
368
48
1285
406
2464
5553
4019
375
3721
8867
4539
9551
148
8141
1329
7424
6227
2939
8938
2085
280
2598
4564
4833
5993
3303
3752
4452
5640
397
2105
545
8637
8804
8439
3624
8001
5384
9753
6133
1544
8569
7178
2280
3674
1735
414
415
8549
8218
8159
1133
4304
1382
6935
4697
424
2271
5423
9466
1615
9177
6959
5820
100
7903
5098
5783
9492
5063
797
7683
440
6795
2949
1483
2666
445
8666
6021
504
5919
9230
5264
917
453
79
3695
456
457
9469
4976
8686
3154
462
7307
8270
9120
7024
1938
468
9458
1230
731
5531
755
9400
475
1687
2433
5169
4655
2639
481
8061
5541
5195
5636
553
487
488
6099
5160
4720
2593
3432
630
7678
1011
202
9383
3550
8795
4904
3734
7893
537
5095
133
1629
2966
8449
510
3134
5691
5150
5386
1530
4044
517
5619
8606
1129
53
522
8467
4729
6789
1598
1249
401
7526
530
7214
749
9715
8541
8234
7958
4861
7581
2297
2530
9273
9632
8180
8114
2045
8384
695
2734
535
1604
6704
552
7797
554
8057
413
9341
558
8486
9944
9075
6771
7232
8950
449
7286
8153
7160
680
8444
9562
572
3853
3054
2151
2165
3830
7218
692
5156
581
9956
7720
8738
585
1048
587
945
1696
7096
9371
1224
1918
3162
4682
9366
4119
2652
5460
949
7238
6588
8385
1793
2504
710
3563
933
609
2992
7868
2181
5555
2985
9782
4029
296
9176
1634
8929
2930
7231
2310
624
8214
5658
627
6437
6938
110
3146
1822
6671
9191
1366
2801
4965
4223
6198
9546
8901
9164
3965
6387
8184
4168
647
2365
5230
650
5020
1776
2247
8090
3961
8579
8982
5632
4037
590
1209
7425
8332
3086
9130
5131
4695
548
2369
670
2261
8468
5332
674
1243
5876
6652
3846
3082
729
6181
682
617
8276
5210
8685
3298
264
5935
5064
1176
579
3957
7127
416
696
3743
763
2259
8278
4838
891
6167
1053
131
6330
8990
6607
7889
7702
8971
6436
9604
6849
9047
1677
6136
7601
9543
2354
4315
7904
723
7260
8012
1506
27
1919
2330
5417
1302
1041
651
5582
7772
736
9873
7128
9123
5039
8386
3664
7146
7387
1460
210
526
8578
2360
5465
8380
1740
5267
6527
473
4248
6427
2707
6216
7101
9995
659
9244
1235
8733
4419
3646
5818
8156
229
886
2806
9987
2702
775
9528
2828
1070
2677
685
781
2712
783
9441
7505
786
9979
5196
1853
4529
249
9830
2412
5682
4957
5787
1771
5309
9026
2203
801
7512
1827
9306
4108
8316
807
9083
6006
810
1721
9982
8671
326
5185
2929
5819
3097
2555
4117
4699
6880
823
4286
8965
4743
3309
8679
3367
1712
3249
772
311
5263
454
9243
7025
838
839
3168
2567
1509
3125
9866
5986
5731
847
9201
5521
9188
2147
734
9532
4233
3546
8091
732
5489
6831
9392
861
997
371
9678
1312
4696
7217
5307
869
8736
8133
1155
7879
512
9189
2757
5982
9425
3026
3912
881
1959
6411
8322
7319
8862
8691
2206
8389
3601
3489
7882
893
894
895
2630
6060
5126
718
900
8204
5887
463
1940
524
7133
907
5780
5376
910
911
9517
5422
2974
3611
6793
156
998
6338
6340
8760
2230
9033
2615
8106
926
927
928
9888
3013
4486
3939
2018
5249
935
936
1135
4821
1425
143
940
4
252
984
8038
503
3620
948
600
1610
2469
1889
1031
2562
4114
956
8523
1493
9337
7587
25
962
963
4178
4715
9336
1488
7068
969
6010
971
3502
973
9397
7701
9368
9825
8165
4687
4158
5734
9790
8392
2347
4878
6433
2198
1093
989
990
144
1981
7761
3182
6727
6612
8024
9620
7442
4036
6388
1002
3112
1443
8793
6708
9148
7996
6011
916
2687
7937
4852
7707
1015
7646
1017
2668
4656
1020
5266
1022
8430
2319
6110
4423
9958
1028
7715
6509
8791
1032
9836
1034
7842
4310
6473
7200
7396
7628
694
4758
3632
9302
7175
1046
3177
5049
7296
7989
3142
5903
5779
5387
485
1056
7993
1523
2746
1867
9867
3548
8155
7908
1952
8502
8587
8596
1105
8027
8522
6469
1073
4823
1205
1076
5439
2614
3063
2316
7361
9233
417
1487
1085
2787
540
6116
2611
2074
1091
1092
203
384
1095
2719
7502
3976
113
5607
3371
806
4101
5587
6950
1106
5090
1108
1109
6077
1334
4881
6236
3276
1115
9384
1117
7110
5294
1317
1121
1122
2395
6125
6264
2766
3776
7112
5796
4217
5414
7367
3882
1134
1275
3932
1137
6453
455
5896
4382
2490
2617
1144
2695
6541
5381
6217
2054
9879
3890
3711
8704
2260
4901
5060
4384
3585
5137
1160
8720
1162
303
2513
8093
4218
1172
3011
2846
6461
4891
2192
1173
6082
1175
2725
1177
9344
1179
1180
6616
8205
6027
9195
3727
378
849
3953
5628
3424
4522
5865
3948
3781
1434
6515
4818
1198
5100
2134
7518
9974
1203
105
6083
5407
1207
8393
398
1282
9926
5482
8565
181
4386
1216
1371
9727
1219
3625
6048
9129
4617
7684
9572
1499
6153
1974
6056
2405
6081
1477
5385
5306
678
7553
5800
1713
9549
1240
5467
1242
2207
3860
7215
8007
6865
3194
7086
1726
9881
4944
8767
2658
1603
4237
5651
3717
1259
1594
1261
6488
5226
2291
1265
432
3230
9583
8695
2279
6276
2572
1273
2547
3692
1276
7506
3778
7486
7955
9606
341
1283
2308
1258
1286
5962
5747
9319
1290
1467
5700
3403
6348
1295
1319
3451
8812
1299
298
7881
2035
2128
1304
7815
7602
6476
9285
183
2290
2740
6439
288
4908
3515
7359
3141
8213
1008
3492
7690
3002
7007
3828
5228
6371
6155
8980
7917
2441
671
1612
2177
6397
1335
193
1337
1338
8425
3580
9756
244
8176
4984
3090
327
2841
9278
1349
7107
9039
301
6769
9893
3873
6820
6726
6213
7662
1360
1123
1362
7652
3485
6529
516
6757
3268
1369
1370
688
3153
1814
3983
7647
8026
6635
9396
6305
2473
1636
7642
8424
5296
5045
4038
7368
3626
3732
1390
7877
7818
566
3201
9714
8262
6471
1398
1399
2556
6630
5069
9507
4245
4022
3043
194
1408
4007
9728
3215
4151
1413
1414
2336
5252
8163
5245
1320
9271
758
5006
7980
5475
939
3818
9592
745
9086
1430
3544
1432
400
1287
5608
2559
4039
2642
5468
5703
3337
1442
7939
3269
5242
3736
802
4381
1449
5677
1226
254
5253
1454
5258
1456
4092
2694
9084
5215
5947
2302
2638
189
6373
1466
8067
4842
4198
8770
2508
3982
1189
9274
8824
1476
4221
2713
9757
9721
8473
1482
4394
741
5976
1486
1190
967
9054
2262
2524
4921
6250
4137
5518
5259
358
1805
5845
1500
8737
8973
6906
6551
9218
6683
3900
1297
9666
3826
4822
2718
4513
7793
5261
2724
6699
8340
906
7088
9970
3633
4643
542
2042
3705
1527
6358
6231
5133
8827
943
1533
8221
6225
4284
5623
1538
1539
6898
1003
2875
701
6722
1963
1591
7345
1653
7271
7987
8692
6052
4804
1554
904
4637
7534
9180
8317
4583
1232
9864
349
2895
7179
6986
8762
756
6688
4379
1571
5715
1289
2370
4633
1576
7943
582
2624
214
1007
5108
2442
3413
3144
1868
8368
3684
9875
8592
4663
7835
752
8607
1595
9364
5424
4769
1192
9769
634
9136
9138
8855
9347
5458
3375
831
8510
6922
7919
8404
5596
6711
4691
6280
8813
6101
7999
1410
3454
2453
3372
1624
7718
5615
6847
1628
3531
2690
4113
6092
6393
6178
1635
3874
4577
3879
4001
3596
2977
6872
4480
1644
2998
9202
6061
8186
7384
1650
5968
6646
2138
1654
5227
1656
1322
6480
3700
2661
4973
5625
1663
6354
7504
5776
1667
7338
883
1670
1589
9775
6608
6545
1675
2527
716
1678
5086
1680
391
1682
1709
1684
7551
931
3285
1688
3529
1690
4055
1692
2663
8893
9185
2013
8069
1698
388
2269
1701
3181
3984
7714
1705
7174
2436
6065
5826
5738
690
4008
2551
1042
8631
6664
3247
8991
1719
9843
8891
2621
995
7480
7095
7794
1141
1728
4790
6232
319
1732
1457
1316
6218
9545
4064
7625
8612
1788
1411
330
7355
7185
9379
4280
2075
8972
4938
2605
5
284
3639
8222
4347
1858
1757
8161
129
5183
5817
1762
6759
5594
3662
7135
9892
9691
1747
4997
3833
4015
6182
3733
2573
321
2257
4887
5836
1780
8264
2798
9091
2835
1843
1332
5214
7309
389
68
7057
2515
9092
1496
6659
5206
2516
2729
9918
8602
1801
9732
4510
6743
4932
3605
8323
8707
1809
5269
598
7266
5588
2888
5224
1816
9388
5775
7700
225
1821
615
6832
2353
7784
1842
5111
8324
5209
9705
8935
5254
3126
1834
9014
7224
1837
7412
1839
1840
4288
6450
6253
9291
9949
3151
3133
7
1281
9008
6192
8484
7483
6852
2692
2608
2972
7063
1859
1860
7979
8681
1716
3455
7436
1866
470
7316
8047
1870
5948
7514
2141
211
8308
9445
6069
562
93
6346
5404
5428
8874
2579
3728
2149
1887
7517
8101
1890
1891
8655
3795
9478
7606
1153
3847
3392
652
7235
1901
2670
9588
2129
6859
5721
4996
2375
4744
6292
6948
3949
1913
4446
7202
7089
5181
1247
4926
8033
3935
1896
9842
1924
16
8853
60
1928
6763
7929
3738
643
3267
6008
9226
2006
1508
5072
6070
9996
3281
3295
1943
681
9655
8609
1947
9602
4490
3541
9351
1927
3952
8477
7670
2335
9316
1958
6989
8850
9321
8861
5533
5221
1195
4352
6858
2989
1969
7643
9451
6241
1973
9720
1975
4530
3686
1978
152
890
9580
2248
1983
3772
796
6037
1586
1988
9288
8220
523
5720
7754
1354
1995
1021
7508
6406
3484
4569
9399
6311
5035
7731
6297
8837
667
162
2079
2600
2011
1475
2237
7608
8848
983
4143
2187
9821
174
5505
1387
2023
1910
2025
5436
2027
8145
9805
9703
1453
2032
1098
3838
6942
8962
5330
2038
6119
2040
9968
1462
9281
1960
9902
2046
2047
2048
7270
5752
774
7020
188
4956
3256
4262
1307
8698
5380
8138
1551
9561
4009
2064
8491
8921
2067
1308
6543
2070
5218
6416
9062
6637
725
1169
2568
3088
3395
7745
1748
4799
2083
6004
8140
5742
7293
2088
2109
8915
2487
3870
4469
2094
7065
2096
1686
8256
6286
6679
765
2838
6188
880
5549
578
8863
5609
2789
1415
4211
7766
4124
2114
2334
6691
9594
8485
1791
3701
6363
142
5051
4689
8346
2803
7983
9955
4641
7419
7724
4083
1301
3081
4487
5583
5353
9874
2796
8994
4328
9172
5768
9328
6187
7207
3648
2148
2333
8748
7493
2113
5359
9861
2155
8307
3109
6971
3991
2051
66
7093
1272
6489
1984
2166
4159
9482
7308
1549
5014
3266
7306
2174
5344
221
2823
98
2179
8884
2031
3793
5859
2337
6210
4131
4550
7682
1831
94
2191
6201
6115
439
6053
6090
5420
1601
4493
1132
7558
7807
3880
2204
2569
4231
9772
1061
8376
4757
3571
8087
2213
7912
3421
2216
1427
2218
1882
5438
2221
2222
3064
3363
173
1672
2227
2228
7810
9157
2231
3165
1438
6909
2235
626
5290
7241
9307
2240
7372
3637
1580
6313
7738
2762
1471
2528
335
4372
3994
2252
5620
3542
8966
1772
5277
2258
6902
1154
1931
177
951
8382
3756
1064
3278
2268
9609
1766
3314
4365
2691
2274
2275
2276
2277
5127
2711
8580
6732
4752
1327
5912
8918
3829
9880
6500
2371
3271
4107
2653
2366
3842
2132
6025
539
2583
6969
5159
2301
7953
5219
4014
3722
1372
9851
2507
4225
5244
2311
8272
9287
570
6594
4443
6033
9073
7844
712
5163
2146
8499
2417
1803
6631
5526
2328
9118
4761
2331
2332
4389
2115
8989
3102
4622
2338
476
7075
5153
8956
6656
287
6111
2346
5712
2348
2349
968
892
9141
7762
3414
1613
4481
2357
2358
3726
9787
6426
1564
1990
7322
1893
8730
4540
3575
6662
9404
661
3237
3356
4725
5208
1944
7030
2282
2379
2470
1846
1255
9555
5867
1150
4428
1138
6396
4283
1895
7037
832
2393
8136
7554
5735
1455
6943
4902
9711
8042
4454
2403
4356
1810
4538
3530
2408
9702
976
2964
2950
8970
9780
5823
1158
5575
44
6493
6531
5808
9076
6767
958
2425
8702
2877
1798
9041
3628
464
4435
613
2434
3483
7734
1567
1196
2439
3206
9599
8200
72
7022
2445
8290
3210
2448
6504
8490
1704
9940
9550
2595
5243
1669
4116
2458
9249
4601
3265
6219
7405
5358
4266
9856
2733
3996
7000
8117
3107
2472
5638
5048
5033
2476
5647
4786
8128
6868
3528
9227
7018
5179
5999
6695
9997
1217
2049
4863
7347
2492
2836
8847
2456
6941
2497
7377
6375
3845
1847
8239
2503
2122
9099
5945
8056
7173
1023
7659
9668
5670
9685
6673
8843
9275
7951
7509
2519
2520
938
2522
5777
1491
7223
5612
8470
1806
92
4353
2531
4393
5979
960
9868
2698
1862
8742
5144
2161
4626
2542
1572
1949
7329
7640
4247
3415
8634
5522
4853
5369
3055
7764
9751
1131
2557
5474
1087
2560
2561
7604
7622
3439
757
1936
5566
4299
7256
2570
8625
1785
1602
1835
1245
6836
4554
1802
4437
9115
8464
6091
8684
2493
1310
2586
2587
2588
7977
7582
8790
8744
492
2406
505
2821
7182
8728
495
799
860
5565
7552
4086
8558
9652
2607
4947
7710
9722
8109
2612
8374
7366
1971
5745
2078
3344
7482
4301
7878
2622
9303
329
4551
7963
2627
6108
2629
9784
1820
4297
9786
7328
8713
9870
1182
521
108
7261
4937
4127
4879
7302
2645
2646
9653
1278
4171
2650
2651
7464
4359
6813
2655
2169
1184
9401
3355
104
6949
1903
2154
8300
1357
9619
6068
9630
7168
6479
2671
7050
3127
7254
2675
2676
5746
57
9792
312
8930
1326
2805
7674
9650
7595
3000
5410
1328
2480
6094
1161
2693
8583
8696
4467
4213
4181
7991
2700
4177
9744
8805
43
2705
2706
866
5399
2709
7655
4737
4244
8409
339
2036
8693
740
5113
7875
2994
6818
3412
8025
1140
8934
4345
6351
5570
4449
1622
6434
7918
9891
6702
1433
2945
3986
5000
2594
5766
8860
6368
7737
2744
4826
5450
2747
8201
7976
4327
2751
2752
2249
4123
2755
1848
6876
8768
2270
7948
5633
2246
9626
1970
5498
3683
6432
2768
2769
994
1220
6355
7324
7090
2775
3622
8162
7129
4766
2780
399
2782
4789
3284
2785
9069
4479
3959
2610
2790
7378
3327
5871
3562
3091
3345
2854
5890
6736
8630
9081
8822
7278
3798
2466
1489
8211
8100
2809
2810
364
2688
6255
2885
3497
7386
4624
5488
4004
2820
6546
8127
2983
2824
2609
5371
8819
9269
4518
3755
2831
2832
3041
8019
452
6126
2837
3999
4267
6718
8173
5584
8313
2844
4979
6205
2847
1715
3399
2850
8781
1955
1875
4512
5880
2382
2857
2858
3263
3185
8097
4194
2881
5034
1707
2866
853
817
573
8761
2172
8436
4130
1373
3184
7843
7605
5512
9085
5440
8836
1269
5319
6623
5429
2044
5998
6835
2217
9693
8936
9846
2893
3940
3179
1341
2220
2898
9967
7023
2901
727
4927
8594
3592
1236
2374
4364
3323
812
9557
9950
7170
4585
2741
2106
5270
5857
2919
4387
1953
2537
2923
9863
3564
3641
6405
4294
2947
3163
3035
2932
7569
8489
3844
6449
6349
3666
8268
9153
8821
1662
2933
2549
9280
7536
3419
6572
9908
2566
8063
6028
3196
1348
3313
4606
8674
2958
7836
8927
3447
8071
6701
1187
3696
1514
7102
4935
2969
6376
84
5115
1945
887
2672
6513
4827
4048
5197
2399
3805
7052
3655
9574
2736
2799
3083
7414
9078
1894
8817
8597
4474
5081
9920
7824
5496
5709
5840
1888
4316
2093
7274
1885
9905
3006
5065
3008
7457
9032
3757
9100
4477
448
9498
3016
924
2571
6329
3739
3021
4892
8525
4183
4880
6085
4898
4206
5812
3030
8282
8570
6955
7833
7445
3902
3357
8415
4946
3040
5904
8243
1402
4644
6109
560
6209
1001
1271
3050
9456
3052
3053
9443
1027
4054
6916
3067
1643
85
3627
3062
6139
5099
7252
6981
508
3068
4587
3070
6404
1291
5316
864
3074
4436
3057
8075
5576
4110
3227
2254
4462
1305
3099
9669
6615
8553
4816
1345
2197
282
3093
3094
3095
3561
818
1909
412
3100
423
7073
5839
3440
9267
2795
2087
5989
2536
3400
1560
4258
1717
2053
2303
5985
2089
7449
9187
7894
3121
3122
4590
3124
3871
3228
7535
3128
8126
171
7114
1148
8483
4507
3135
6274
4341
1898
2868
3140
7972
5247
3143
1585
4552
8668
6666
6243
7196
3150
2381
3152
7866
2359
3115
7362
6457
5595
8842
6692
8753
8857
1596
3164
1103
4174
2781
3079
272
3170
5733
3172
8903
4889
4409
6819
3607
3178
5973
1513
5193
4186
3183
8611
7751
6900
4104
8092
8979
4819
8552
6137
196
7027
5453
3294
4271
6774
7770
7865
9330
8023
5506
709
7294
6721
2758
5567
903
4599
5613
3212
1248
6472
7421
5187
3217
1111
1407
2457
1849
3222
4541
471
2553
3368
1986
2309
5816
2211
3993
6758
8388
2126
4962
7060
8004
1139
9254
7938
4250
2643
132
308
5842
8472
8864
6240
4868
7284
5085
9101
9071
8413
6684
5375
5273
1826
9299
3244
430
3108
5078
4135
713
6079
1933
4368
2853
9911
6674
1104
9584
3698
1441
2665
1930
337
6287
9649
3856
9068
7994
165
2242
8197
4025
6681
3289
622
6334
6945
3293
529
3147
3296
7740
8085
3299
2540
5961
7013
8074
3304
1315
3306
4160
6204
1125
5355
3311
4421
4911
5082
3315
6904
9547
3318
5911
3320
3005
9167
6936
1325
3499
3602
9464
7282
155
699
9503
782
7495
3334
8466
8408
4566
1794
2723
4872
6357
3262
3343
8925
3866
3909
1535
3348
7258
5854
8059
6391
1451
3354
6342
8190
262
1420
5944
6444
3361
3362
4078
3366
2489
8009
8559
6995
3369
6036
1972
6246
3898
7012
7257
1463
3759
2997
607
7615
5550
1756
3383
5461
270
8210
2019
3308
6385
7717
6639
8291
9159
3394
2009
3396
3397
6239
6154
4261
3401
7803
1293
3963
3051
6186
2936
8440
2229
3166
8786
8574
7831
6552
8894
3416
7847
1490
8677
3420
9569
3422
1914
5685
9708
3426
5793
8620
3429
6277
798
9265
3688
2471
1089
9317
7888
3588
3029
2373
2761
1142
3443
8566
8646
5437
3275
6275
5068
3450
3229
4991
8823
1621
2730
9089
9038
3458
6842
8957
2673
7867
1738
7462
2057
7273
8629
7533
5654
1166
4890
7035
3410
5634
7353
7444
7198
7410
531
7823
759
8319
491
6717
4639
8807
3487
3488
7001
3490
9882
8177
2095
534
3495
2873
6419
3498
365
3500
8363
126
8164
8351
3505
1555
3507
6848
61
2081
4980
6026
8811
8916
7838
3516
3517
8331
2215
3329
5487
3863
8932
1907
6729
648
9211
4730
2953
4910
8458
3532
4693
4307
1303
3536
7204
1520
4020
3540
5188
2859
2443
7822
5155
2239
1577
2659
8835
6474
6487
8614
3255
8041
6303
3556
3557
4406
6953
7694
1795
8953
2896
2737
2979
855
3567
184
9770
8841
2829
4914
3573
3797
9434
9781
6045
7277
5379
7927
3581
9540
292
6343
6206
7778
5687
8113
313
1377
1950
4505
1723
115
3110
6420
3597
207
4972
8246
2592
5445
3603
705
2565
7641
121
3608
2223
9709
3300
3612
7441
3614
8939
2999
3617
3618
6051
9878
8905
3872
3623
408
9297
91
7197
8960
8923
4303
3631
9373
7870
9471
3155
3636
9440
3638
3699
3640
7549
7453
3435
4289
6997
1718
9361
8365
5136
3650
6046
7671
7331
3253
4272
3656
9095
9625
9611
6808
2318
4125
73
9339
6778
2361
3446
8729
7538
1948
9420
3672
4808
1516
6454
5659
8988
3678
2599
3680
3681
6983
78
3305
3685
8765
697
9061
5683
7259
3691
1626
3693
3694
4232
127
3697
3469
1183
1659
1760
9345
9676
870
4788
9716
6669
5365
3709
2313
5714
1077
3713
1665
6382
8297
4326
8420
527
789
604
7748
5301
1346
1473
71
7780
9539
7709
407
3380
8665
4235
1465
6002
2101
7516
1470
828
8964
6024
289
9210
4987
7117
8654
7354
3254
3012
6926
6049
2377
5026
2024
4534
3746
9541
6325
3409
8774
1044
9952
2474
8775
4974
8757
8887
5373
3769
5782
5988
5862
3773
3774
1296
4190
8341
331
3779
2993
6557
9198
9752
3784
3785
3786
8298
4229
5744
3790
813
3792
8926
3794
7334
8769
2548
3998
2620
1775
4728
8236
7267
5689
8494
3806
2117
3027
4468
8261
3811
1090
3914
7176
2909
3667
5599
4506
6486
8492
1729
3822
3823
8706
4134
4845
2879
306
8378
367
5530
7805
7079
3834
2389
4295
8257
6923
4241
3840
3841
6960
4378
3039
3448
7597
5455
8149
3849
3850
4602
3852
5977
882
332
1957
4196
3858
4613
9228
4012
7765
6132
3649
8906
550
4343
7443
1657
5338
6857
1082
1355
1059
2415
6483
7144
5913
6598
800
9193
1525
5492
8616
3885
4857
8266
6359
6676
6314
3921
3854
5104
9840
3072
3896
3897
3373
8178
8249
679
2509
520
9906
3905
2167
8931
5811
660
3186
4417
5413
9028
2481
3130
3916
6581
9591
3402
987
6784
380
3809
8062
3925
8951
6765
5213
3207
3374
7638
6988
2649
5822
4666
7426
7711
2861
9184
918
3941
9037
3943
658
7806
8717
8252
7924
9986
7446
4305
5580
9607
3954
3955
4442
827
5516
6982
2170
117
7172
2119
8653
5963
750
739
6640
3969
5938
2631
9590
3973
9904
8624
8892
4640
3978
1536
9612
3981
6463
5008
4360
7957
897
179
1558
6285
9724
2465
3992
8623
2500
8460
2391
9238
8714
5054
9231
4945
2765
4380
6306
5494
6580
419
9518
7886
9151
1700
5484
6601
5853
7465
612
7555
1880
6544
1156
4021
4975
8816
8831
4377
4026
4027
8947
2770
9313
3572
4032
6372
3720
146
1616
5953
5713
2708
4040
4041
8231
628
45
7773
47
4047
1193
4049
3820
1608
5073
3470
3004
1606
4056
4057
4058
6593
8943
7044
2376
1548
1638
501
3219
1492
3445
2449
4070
9196
4072
5984
4074
4075
4076
4077
5480
4079
6015
4081
4082
5924
5402
9448
4459
2924
5560
4030
4090
6517
6550
3924
7620
90
2657
4097
4098
4794
130
2008
5397
877
5418
6862
4106
6057
2486
4526
7323
8723
5671
937
5803
7240
4311
7789
2356
9304
4120
6146
4122
5285
7301
6809
4376
7974
65
9481
5751
7895
8251
5433
1417
3264
8343
4815
8521
4139
4140
4141
5403
3331
7832
2654
1165
1060
2184
8474
3537
1412
4152
7437
5540
2194
478
7930
9586
7899
469
706
8722
4163
4164
404
4692
5672
5427
2988
3198
6497
2077
6730
5337
9128
1225
6172
8418
3116
9446
3073
8465
3825
2876
5909
9010
6716
7629
9477
7566
7206
1758
5875
9773
8032
3857
1900
5736
4031
7350
6224
4832
1563
5348
4205
8969
4207
4775
4209
2915
1811
4580
5200
6062
4791
9426
6035
957
3803
4220
2400
1038
9533
4224
889
3923
2813
885
8036
32
7872
1731
3593
8882
8011
4236
899
7249
2307
8029
7589
5093
4243
4370
6403
4296
5602
7969
8675
3476
3810
7528
4253
4254
5987
1537
4257
5702
4259
4260
5891
2168
6853
7375
4033
8330
2839
8544
6197
1445
3545
5166
3988
3574
3729
6134
4277
4278
107
8457
4281
2502
383
7038
9704
4287
9490
1365
8172
4290
2960
9808
2703
2090
5858
6947
7722
5539
8080
8734
7332
6066
1231
8247
1343
1083
2283
9279
9205
293
8217
4312
4313
4314
3824
4753
3533
6451
353
5071
7688
3221
4323
1683
8642
993
5022
2450
4329
4330
5581
2760
3714
7599
9742
4336
2364
1872
7003
4153
9793
2278
1311
4776
8338
6816
9102
6418
2390
2140
8568
1908
5835
6747
4156
5940
4357
9919
3754
3777
4361
9696
3192
7450
3895
4366
4367
1368
4251
9508
920
5236
8584
5272
9587
777
3494
1339
7853
6208
3462
1727
1976
586
5204
2224
2732
9785
1997
4390
711
6466
1588
5367
9119
238
4662
9713
7337
7250
4958
7369
4403
4331
618
4215
3461
4412
5442
4839
4411
1118
4115
4414
1800
3742
3570
2699
1607
6477
7461
5902
8432
4035
5125
4369
3240
6038
2578
4780
4246
7279
9163
7961
3554
3076
2142
9826
1168
9834
4955
6063
2030
2967
4445
8151
5462
7673
6166
4504
119
6448
4453
1926
6381
9156
8198
4458
1458
1892
4461
2103
4463
6200
1178
8125
153
597
1157
4668
9640
483
4473
6760
3332
7081
49
4571
3231
3520
6526
5011
3472
1452
577
1359
2937
6279
294
9272
8572
2468
5411
6738
4495
5504
34
4498
88
4500
1884
4502
2818
5589
1065
856
5725
8889
4509
5340
6269
2604
6643
7520
9688
5934
23
7626
3250
3001
7577
8095
9480
7960
9765
9687
6089
5333
790
4460
2176
5667
4533
6925
6335
2398
6353
1376
4959
7342
5627
1673
4543
3814
3197
1498
4547
4548
2086
6905
1383
7543
2767
1018
1437
4556
3669
4558
9087
3524
9152
9042
6752
8550
638
947
9681
9644
5360
7382
5140
7039
992
2326
9015
242
4594
2701
4579
5704
9719
5726
3908
5335
2914
4870
6193
961
7973
6321
1532
1581
4877
1518
8498
9865
4597
4598
1752
9222
7742
888
6
9094
5148
4434
9815
4608
4609
5223
6030
4763
9524
5394
4391
4616
8196
2871
1210
7156
5250
5059
4623
3767
484
2541
7916
7580
5618
7070
4631
4797
8529
4634
7891
4636
5916
8700
605
7246
9381
4642
653
4667
4645
5698
4647
6614
7613
5205
7921
4652
9857
4091
6805
635
5323
7933
8048
4660
4661
4711
9200
4664
3465
5257
6547
4470
7560
4670
500
3474
1599
3975
7665
4208
4712
7295
5286
4756
7901
9412
4683
9959
610
7379
5292
7561
3964
6824
8542
1790
2590
704
9258
9133
6861
9530
8398
7934
4701
466
7966
4704
2440
4322
4707
7572
2817
646
1587
7529
4375
4714
1393
42
8478
4718
3286
4293
4721
3319
6998
4724
3621
4726
3288
7851
3387
8998
6105
4732
4733
266
2477
8053
6345
4738
4739
4770
4741
4742
1426
3098
4099
4226
3929
8284
1542
3032
4751
4625
9437
9707
6579
3598
1796
6347
2623
1306
3205
4762
8533
2978
2887
451
8135
9006
2660
9660
4771
3208
5794
1067
9311
4408
2418
2273
9887
7320
4781
4782
2108
1623
5668
4977
569
4363
8844
5990
9194
4792
8171
2383
50
5792
9850
8073
693
6157
1264
8749
7639
8132
4805
4806
3252
1257
224
3719
4811
4812
4813
4814
7689
575
4817
905
220
8064
2131
743
3758
1212
2080
2745
4671
9052
4829
2454
9670
3346
7111
8144
4325
4836
4837
7177
5969
4740
846
9491
218
5212
6171
3156
3106
6863
4849
4850
7863
8968
6558
7650
4555
9183
4017
8628
4535
4860
5510
3590
1069
418
8426
702
3225
30
6585
9142
6040
4422
8716
2902
4875
1720
2899
2298
7834
5097
1838
4005
7268
6498
3970
9378
7091
4888
8188
7986
3513
8715
2894
1873
776
7064
6296
3167
4899
762
9460
3017
2864
2776
7137
1114
4907
5382
8451
8846
1999
9689
231
4544
4915
9810
4917
8888
279
6322
7272
7195
4923
426
4925
1992
2903
3659
9346
946
4575
595
7964
1693
4239
2355
9139
9980
3645
2272
1101
5393
4275
4855
2942
8166
538
4628
4949
4950
8782
1923
6568
8306
4062
5546
5036
6298
7922
1877
4961
7669
1136
4802
921
4450
4967
9573
7056
4618
9812
2636
1661
5222
4621
8978
4854
2833
8727
3511
1956
2462
5315
1528
1759
4986
5758
8913
1429
3883
5574
8459
1739
5151
3753
5790
594
2225
3486
6802
5606
5002
5003
6956
6464
4045
2800
6042
9835
5010
2478
5012
9023
396
3174
6159
7054
760
4128
9126
9694
2750
1640
428
8849
1389
6613
286
6921
6592
829
9331
2475
8948
6315
4895
9736
1966
9452
5040
3389
8469
5265
6783
9515
2285
1744
1611
2459
3360
6365
6023
5571
482
5055
5056
5831
386
9885
4148
5061
2059
1447
4138
6512
979
3812
4886
9683
5070
2196
3534
9106
6524
792
5076
5077
7047
6097
5080
7539
1617
3301
5084
730
4690
3480
7392
7672
3385
8481
1030
1378
5094
1004
7242
5105
434
7830
324
5101
7212
7021
1110
410
5106
5239
2488
9286
8315
4350
6999
2292
4951
4994
8381
9229
7008
5119
6890
5121
5122
826
5124
5363
4993
8366
2423
5129
6459
7141
6088
4912
8663
8758
37
5513
3527
5139
1746
3287
1522
5143
3799
4820
3660
1068
9845
5149
2963
1733
8883
2814
5154
4185
4532
8626
6238
1982
2926
5161
4397
4785
2959
7575
5331
1036
5168
9266
8575
4948
2840
5173
5174
5175
9114
4700
7510
7158
7941
6408
9292
387
5184
4165
7142
8434
6605
5299
4401
5478
4708
5201
9374
8455
5170
8263
6438
1384
1519
9672
7664
9171
4203
4674
3922
5207
3989
6252
3552
7759
3148
3928
7685
4162
563
7423
2071
568
2351
1964
4992
9065
122
8866
1263
9002
3328
2004
6549
2726
5164
1946
5234
5889
2156
2512
2913
4710
5240
767
9495
9282
8649
2944
532
4100
1808
4968
8854
6901
9778
6270
7365
4747
2585
9761
1552
8532
7839
5464
4605
511
3876
5043
4441
6389
925
4497
9479
5271
7397
5810
6189
7617
2808
8545
3347
1436
8859
840
608
2199
556
5765
4920
1745
5674
5289
896
8096
2160
9577
1119
8094
7029
5297
6770
7633
6967
6378
5302
5303
2941
6191
9117
6163
9261
3417
8885
4772
2526
9375
5314
6207
499
2162
5255
4654
5388
6467
5322
7435
4088
5644
5326
5327
1750
7143
3889
9257
1874
8280
2848
9695
5336
5850
8194
5339
7545
9746
5342
5343
3119
5992
5346
6300
5856
9225
4900
3864
5352
1468
1961
5996
3974
2178
3768
2099
4042
5361
9699
295
5364
7360
5366
6648
5368
4202
1569
3690
8876
1367
4882
436
4648
6940
1812
4511
6961
8515
664
7795
4396
5679
2372
7735
9252
639
3740
5391
5392
4942
675
7719
5396
5926
17
438
5400
3258
5641
7687
9080
2052
1472
1206
4527
4873
4046
7618
5412
7897
8207
9022
4192
3317
4735
6470
373
7376
7614
7965
9990
7896
5426
3903
7180
1405
6168
6151
8179
5130
5434
7782
2026
8752
2756
686
2880
6927
9701
1647
5444
6516
3762
3496
1507
5256
3113
7792
9146
3934
4665
5351
8334
6478
7488
4071
2076
3404
9320
2427
8672
4161
778
6812
7016
5469
5470
3180
5472
5473
6980
4155
6145
5477
4800
1689
717
6575
7634
4142
2092
320
5486
3521
5843
2411
7825
497
6374
6293
6301
5495
4936
2943
6689
7220
5500
1019
8705
1474
8967
602
3203
9483
7287
1163
2811
3171
2878
9354
5514
5515
4489
8367
3670
5519
5795
5967
6352
7990
764
5525
8123
6401
5274
356
2722
7752
4274
6307
5534
5535
5378
2505
9253
2584
3558
1968
6175
9624
3616
5545
3609
5547
5021
3195
7519
5551
6031
431
3522
7124
2529
4306
5895
7289
6032
629
8538
5563
5564
4334
8517
7547
2263
7019
2728
8798
7583
8940
6177
4939
5769
4982
5578
2804
7708
1040
7363
429
3297
5585
5586
12
2428
8170
5590
4256
506
7540
1469
7131
4147
1742
5114
4960
7118
7262
3220
5603
3771
5605
9501
9809
843
3310
942
7755
4553
3211
5614
6799
7042
5617
3042
6226
1435
5621
5897
4546
2043
4588
9613
6786
5431
4798
5446
3390
4219
9110
9673
6278
8508
9658
7686
7791
9343
5981
3442
4374
1012
5645
3553
3270
5648
5649
8390
6228
8699
5653
922
4176
5656
5657
2041
206
2680
8536
3718
7163
158
8766
4524
6078
2321
7744
6794
7454
9056
8539
555
1917
4595
3920
2683
9175
1714
1358
8802
4355
5684
3077
140
9045
5688
4630
1194
2072
2882
7149
6705
8582
9220
7876
9160
8792
6766
2641
328
1440
9504
9567
5740
3931
9734
1396
9521
5711
1391
1546
5278
9169
7800
6086
1149
5719
1379
1229
8369
7910
5724
6817
5814
2200
5728
5729
236
2455
3023
2479
6176
4525
7612
4346
6790
5248
1575
8325
6093
8058
5866
6828
4433
2017
8806
6994
5750
1511
299
722
5754
8337
5756
5591
4589
2467
3438
1066
6395
5763
325
691
1388
3764
6933
6761
5770
3065
6465
3877
816
7381
1666
7975
4528
3078
6665
9221
4650
8406
1929
1813
5786
8443
8902
5789
8326
5815
7497
8130
9204
8480
6811
5797
8311
7251
2426
2125
5802
9758
7066
5805
3478
7644
5341
2452
1025
7475
1942
3682
4407
2952
1167
3084
5328
1912
8174
3868
2965
8825
5824
5102
8534
7255
442
5829
4018
3543
160
5833
5552
4971
3911
8010
5838
8589
1829
5841
3245
4918
5186
9487
1043
3386
3917
128
7305
876
3673
9593
4270
2749
4204
5631
3836
8008
5860
2991
6826
4465
5864
8441
3377
4969
5868
7531
9206
8708
9134
3391
2506
7496
3936
6190
4847
9362
5930
1495
7417
5883
5884
5885
5275
4719
6823
8689
4112
7527
1825
6755
7100
1996
3087
546
7695
7312
5699
3910
3290
4418
8193
1342
5906
871
2731
515
3342
7619
672
5103
4702
8018
6312
1989
1035
2905
5920
3968
4276
5778
3259
6670
6624
9884
5928
9966
2855
9730
5695
4050
9369
6124
6271
5937
4885
5138
6014
2421
67
5943
3958
2987
5946
4679
4210
114
4051
268
2727
1010
5954
5955
9635
5957
9627
1614
3234
5784
9454
863
5861
7403
5966
2065
1651
75
8961
1394
7691
4783
5216
8405
8131
4484
5978
2028
3807
2000
4269
2414
8254
4903
213
4255
6978
4978
9363
1146
3157
2738
8084
9755
1238
9735
996
6918
3406
9946
3340
6003
8371
4750
6054
3379
1934
9779
3460
1268
6012
6013
954
3869
5009
4483
6491
6019
2867
4129
9034
9444
2010
2601
307
6712
9951
9485
2102
4242
7193
4922
4680
1197
3370
7472
2748
5971
316
6041
9671
557
9283
4145
2626
9224
5260
8659
7733
5493
9816
377
930
2238
9293
2830
6058
6164
8336
3123
4348
9315
6064
5537
2120
8017
2634
9088
3239
7288
6072
8839
6074
7600
6076
1807
5499
4385
6080
9889
1174
1352
9051
7546
7171
9971
4195
2819
4874
4427
6455
8212
7971
6095
6677
5079
8302
6882
3169
1517
6102
6103
637
8431
5454
6107
7409
5329
9461
5706
5019
3071
518
9925
8834
2743
6118
6123
1159
6121
6122
1529
4673
4337
6390
4069
1856
5798
4913
8241
2437
7696
912
6135
2976
2911
6885
5893
6140
6141
3677
908
2100
9876
4672
6147
5610
2874
4438
4285
9349
1288
5572
467
7846
7523
7584
2435
7591
8242
6841
109
5158
3918
3894
8495
2534
7658
6170
6957
4515
6344
3457
9197
4087
3251
1381
884
4581
3260
1260
9802
8638
5664
2996
7211
3190
8601
474
8373
5639
3731
2015
9386
6196
5573
666
76
2552
1685
6202
6888
281
2256
1878
4222
2955
5972
1395
2033
4170
3014
7721
9442
149
8500
2401
5284
6220
6087
8250
8661
2962
636
5554
1051
1251
8591
6230
673
9137
6233
9209
596
1113
4339
5877
8081
1233
2577
6242
8089
8505
2091
6482
4200
6682
6380
8513
8562
7229
6525
4844
6697
9700
6257
2483
3770
145
6261
603
3365
549
8202
3630
7045
6268
8419
7787
5936
6272
8996
9241
4094
9961
9044
3114
1185
7777
7481
6185
571
6284
1057
824
683
6288
6895
6290
9135
5781
3466
3944
9993
9355
3750
5509
5318
315
5759
1222
8208
544
3578
5449
868
1998
6741
4320
914
7913
5147
5235
9149
6839
2005
9679
6319
7956
2807
2546
3808
1618
4830
9512
9737
9641
7061
4279
9012
2869
9385
8487
3565
6336
1773
5964
7139
1668
7468
9534
5389
5873
4180
2158
8732
3907
5037
6350
5952
96
9820
5832
9601
9754
2632
8933
2153
6360
977
6644
8680
1850
2164
9406
4191
8577
6369
6370
6602
6215
494
6127
3843
185
5459
5675
6379
1935
1854
9357
3333
9618
4144
1524
7859
1143
1541
9403
5088
5029
6827
3015
2870
6441
2183
6398
6098
4065
6810
8650
106
3045
2927
9984
6407
5980
9603
2862
435
6289
6104
1779
3243
785
4773
5295
6642
8852
5262
4559
6423
4499
6751
4149
258
4399
8006
6430
6678
9333
5041
4928
2802
7637
8546
9800
2860
7394
8189
6442
6443
3191
4402
6973
6447
5568
2602
4759
1505
1099
2889
8493
1632
6337
216
6458
9093
6460
5548
6462
4413
9798
9356
4457
5321
3744
3851
4333
3576
6821
178
3061
5544
1784
3906
677
6245
6744
6481
9300
6034
6484
8452
1789
9232
7429
6169
6490
6018
6492
6179
2066
8321
8401
3459
4440
6578
2715
6501
6502
6798
2012
3423
7968
9860
858
5593
2956
3551
6583
7837
8227
981
5408
2883
8771
6519
7723
8543
5217
4395
4990
7167
7492
6887
6120
8400
5915
2420
6532
1620
1151
7530
62
6537
9760
744
2825
8360
4013
2069
964
1674
676
2906
5419
2317
8567
197
33
6553
6879
6555
4614
7668
7799
6559
6560
4787
6001
3946
8975
6565
6566
6567
3018
291
6570
6571
9682
6573
4828
8924
5317
6577
7706
1213
6059
9359
5660
9310
8175
9794
1865
804
9523
8245
9697
4688
9007
8773
2315
9365
9418
1703
2253
9103
7390
4924
89
6603
6604
437
6606
6734
1097
6609
7046
6611
9050
1876
7327
4934
3972
6617
8506
7430
4523
7159
9027
9570
4466
6625
6626
7104
2104
8828
3942
8658
6634
2385
9957
9910
6937
5165
6638
708
1830
1857
4536
4332
7491
3643
1652
3433
36
1279
4105
6651
52
7796
472
234
2343
7490
8003
3519
2159
6661
6262
4565
7603
803
851
9582
5395
3233
3730
9329
3671
199
8897
8079
2387
3619
8187
2523
6680
5141
6273
2378
9055
6685
198
256
2921
3117
6690
2116
3341
6693
1841
8043
6696
3468
6698
2872
6700
3990
3652
3096
7169
9234
6706
3037
239
3538
9105
7348
5237
2720
6714
536
9
6886
7094
4249
6720
8687
8099
5058
6724
9465
7667
3951
6728
9017
7736
5142
9663
1221
6044
6569
235
7188
5764
3875
6740
6422
4425
4651
1658
3085
8044
4862
6748
6749
7609
6425
1385
5211
592
2461
215
2946
1403
6962
2014
237
623
9831
6764
8328
2266
2574
6768
8974
5298
176
2917
9459
3080
2778
9743
6777
588
9486
2144
7741
3741
395
5716
6785
1521
6663
6788
4591
5997
6791
6792
168
4549
9166
6796
4867
6417
6256
347
6801
6562
1515
253
6409
6806
5225
7585
7693
771
5939
7140
7713
6414
6029
1905
3136
2322
1584
139
768
6822
3848
1994
6825
7106
9598
5849
39
3339
5870
1899
6772
6834
3010
649
8345
3232
7850
7749
4677
5471
4970
6855
6845
6846
9057
9595
14
6850
3653
8820
2510
9813
4897
867
773
3933
8851
2034
6317
6650
9764
6864
9581
9132
6867
411
6869
6870
4300
8945
6873
7909
9829
3132
6877
6878
1204
8977
7698
4767
621
6884
6138
8050
8488
6874
3282
5120
1375
6892
4784
909
6897
1550
6412
6327
6899
8335
7750
3351
3587
3316
769
1006
4292
1481
5905
9016
4723
6530
2363
4431
6586
9962
8394
2975
8410
1600
5053
357
1284
6804
8260
632
8886
6929
8772
6930
6931
6932
2143
6934
6561
2704
857
175
3292
1863
5900
4856
7932
1649
1330
8621
6554
169
3139
3020
6951
6952
4096
6629
7357
8676
6310
8603
3261
2294
3966
2098
6324
3161
4563
151
4620
2392
8414
4745
4810
6883
4472
3272
6975
3658
6977
5761
1100
2444
7346
81
6703
6392
6985
3938
6987
427
2957
5597
6991
4291
8116
519
1553
1234
2852
978
1774
5152
3526
7002
4482
7004
5773
7006
8265
8230
591
7010
1404
3242
6710
9914
7015
3523
4610
9122
5569
4282
1881
3475
2900
6628
8507
6966
5279
7028
5874
6005
1494
7032
7033
1026
5092
9140
4388
333
980
7869
8070
3591
1497
9745
1702
7087
3235
7048
6523
8838
502
9066
5601
724
8986
7243
4230
7058
7059
2696
2982
7062
1374
6636
317
5167
4919
8454
7069
4252
7861
7072
8255
2990
2340
8216
7077
7078
5091
8800
7887
6653
7083
6963
3213
4681
9499
8294
7666
7385
5925
7092
1331
3745
405
6745
2267
4520
1049
6194
4415
2039
7103
9001
7339
8078
8283
7108
7109
9439
5678
1128
7113
7988
7115
6435
8780
5600
7097
721
191
9801
1300
6633
1120
4426
1645
3452
2424
5463
1741
7132
5762
1439
9718
4455
5190
5356
6339
1582
574
9108
5991
4172
9992
6928
7726
5732
1188
7120
5304
3862
662
7154
5851
5922
3782
7281
6621
5401
2250
9738
7290
7434
6055
7166
8627
668
4573
8219
354
7511
1767
5038
7594
9309
7364
2232
1565
4864
1252
9077
850
7798
1573
7186
4429
6737
9219
3441
7105
7192
1991
5941
9643
2300
5592
7005
422
1448
7201
3644
7203
4748
7205
74
6866
6528
5479
7210
2219
4998
3491
7043
9284
822
8535
6911
9981
265
6658
7236
2525
7573
1005
7226
5898
7228
9064
2716
8375
4179
4600
7234
7627
7161
7237
601
7239
1699
6944
2171
259
7244
4684
1777
6992
8235
433
5879
5933
5771
7253
8314
7769
7945
6540
543
1851
3388
6803
8641
4694
7264
7265
1409
5177
8119
7269
6383
2205
9621
2591
4371
5650
7276
2482
9419
4764
7280
116
9338
7283
1270
159
8958
5558
8743
1181
3995
2606
7967
9158
4109
901
551
3985
8746
7299
305
3634
2644
7303
7304
3568
3060
1627
8293
8422
4424
8898
486
4713
4309
7315
9869
3407
7318
246
5923
7074
3559
9121
2056
7325
7213
1906
2236
1266
7330
6556
7150
3031
3069
8269
5018
9899
5276
7191
7340
3577
4865
7343
9841
3915
6508
7051
2327
9096
8636
3547
754
7576
4227
8633
4883
6735
1047
9058
7326
9213
2189
1828
2022
2496
1545
4167
9067
5050
7370
7371
6694
7373
4765
8118
6713
8185
8296
6326
3444
6620
2849
8259
2499
7447
2892
6954
4475
7402
2097
9405
1078
7393
2264
9985
2063
8908
7398
7399
9818
7401
5661
9729
5430
1764
1980
7344
2255
714
9600
4893
913
7413
1824
8397
834
8362
7478
1422
5246
1461
7422
2793
3661
6071
6366
7427
625
4658
6445
4930
7247
7433
3066
3273
3257
8055
7438
9822
4003
3668
8745
7928
5910
9642
811
9566
7448
3118
6410
6431
7732
361
4398
8797
1706
9964
9143
1695
1897
446
6007
9144
4705
7076
689
9768
3481
8407
7470
2245
854
7473
9538
6972
7476
7477
6597
703
3504
4063
8192
5556
7484
496
8799
2961
3555
7489
5199
665
6733
902
7494
9424
3238
5760
4779
9930
6203
7501
3569
8547
8364
7080
4545
7507
8573
3796
7725
6475
3105
7513
2940
22
5421
9237
1570
6323
1400
7521
7522
5965
8750
5241
9849
269
9936
4859
5083
5416
8564
5611
1557
4059
6595
7537
1646
9003
1277
844
7542
3145
9710
2735
9325
6582
7900
6367
2633
6221
6574
6829
8809
7071
7556
7557
2596
9182
8810
4686
7358
7563
10
7942
6112
9647
9043
3930
3503
7571
3724
3737
7574
5994
6150
4521
7578
5809
7959
6128
3325
7479
7439
2214
7586
2002
7588
3582
4576
5524
7592
7593
5481
2686
8556
1921
2788
5705
6075
3350
4760
4351
3839
1641
6915
275
2637
6750
7610
9684
795
4649
4916
9855
6775
2210
186
4560
2
7621
460
7623
3508
8992
3137
1431
1318
4646
5676
6599
7632
1920
9462
7635
2995
9496
6627
3566
2150
3606
2618
7855
3960
7645
1016
9897
7648
205
458
2918
6113
3997
7654
1864
6161
8110
9686
2582
7660
972
9680
3176
7181
4675
2193
8437
6723
6017
3307
7053
8347
5520
9776
1922
2783
7677
2764
2409
7763
7728
3654
2563
6668
3629
4988
4657
742
6394
2603
9500
7692
6833
459
3058
4632
7697
6881
7699
4476
7147
8267
8818
7704
5013
2986
6548
3202
7009
5448
794
8052
4416
1450
5652
4964
7760
1164
6496
6538
2163
3129
267
4410
5178
1965
9916
9259
7729
1052
7157
5349
8387
46
1386
3138
835
5112
6131
8985
9147
7404
541
3715
3819
7746
7747
2305
6649
2763
257
5476
7164
1993
1660
3901
4846
7758
5109
9661
6223
1292
7680
7883
1832
1568
1485
514
3987
4146
7771
6587
5801
1014
5447
1321
2007
7768
4659
1009
3430
1086
7783
5485
5320
6645
7233
7788
8475
9370
9763
5451
6896
3707
8557
7082
875
7017
5162
5949
1869
7802
959
7804
2323
5191
7352
7811
5748
6781
1691
7812
1037
1861
3703
4335
9353
1392
7819
8537
7821
6000
6838
614
5846
7826
7199
4909
7829
3893
3950
9005
7292
2296
1592
8446
3815
7949
8899
934
8941
5561
2396
4803
9844
1797
7418
3359
9548
6965
3888
3381
8613
5995
3783
7856
6591
1977
4478
9470
9097
5024
1916
5958
8448
9977
6341
8560
8726
6535
7871
9740
7873
1711
123
7459
1512
6687
5888
2925
6309
9013
5727
7884
7885
6984
2721
5828
3945
7892
7636
2759
2202
8595
5305
7813
6302
7898
227
7548
9380
8098
7485
3702
3604
3716
1045
5062
7705
9070
7911
3801
8590
7914
8183
4627
2856
611
3049
6779
1033
7121
7923
5046
4768
7926
3642
6234
9797
5203
2124
9597
6655
7808
7814
7936
4516
9890
7947
3600
4557
7565
7351
9928
5202
1915
9903
6142
4093
7950
6485
7952
6709
5932
687
204
2682
4136
359
392
6173
5016
6632
4439
1962
6908
8429
7906
9750
3977
8999
7389
8917
5825
5345
2739
593
4103
6815
4302
7981
7982
2127
7984
8904
4678
9447
9497
1262
8983
8066
342
3979
8561
6050
7152
7997
6333
3274
8000
2779
6100
4068
8423
8005
1478
8253
4067
684
2554
9999
5616
4774
8014
8015
8016
5497
5960
9018
7136
8021
8022
4966
4201
6195
513
663
8028
5959
8030
7151
1239
8181
8034
3283
5409
8037
3665
6162
8040
1351
561
7420
7616
1199
1833
1781
5741
8049
6067
1633
8518
7852
8054
9789
8286
7515
4085
9733
8060
5357
7184
9639
4028
584
4444
4188
8068
1697
5052
3464
8072
784
461
6830
8076
9322
8519
9596
2532
1736
8082
86
9289
1753
7391
9410
8088
1171
654
8776
3398
15
3349
6377
5291
5907
5287
8588
1309
2514
8102
8103
2135
8105
4876
4166
8108
3855
2916
8111
3827
6946
6160
9407
55
5598
5869
3034
8120
8121
8122
3411
8608
6214
8754
5951
3765
3279
8310
3919
201
2543
8134
2293
2394
2295
2060
5882
38
5220
746
8143
2388
3861
4596
8147
770
9409
8150
3226
8152
8225
8154
5655
5146
3791
6521
3048
8160
7040
2777
1223
7570
4906
7336
9124
5878
8169
9502
9475
5527
5311
4199
3615
9031
6520
5123
1730
4420
6618
8182
5872
9494
2498
4298
7451
5425
9934
1361
1534
5231
6265
2380
6263
975
1029
7857
8199
1583
1749
1211
8203
1112
6299
8206
4392
6428
8209
7562
9565
20
1951
4572
4736
1079
9298
6400
1130
2320
5325
9544
8223
7407
6237
4578
8289
7663
8358
9192
7786
8232
8233
7854
4611
3802
4931
6429
2797
1356
7739
633
3321
1985
465
8359
7291
8248
4034
5918
8333
1344
8348
3635
5117
7123
9276
1464
2446
9235
3482
4615
6590
9989
1323
3887
9994
4006
31
3473
5637
715
8273
8274
6456
6084
9814
830
3837
5788
8281
5681
3019
2447
9559
7116
8287
8288
7313
4562
5483
4121
4173
7931
8295
932
4133
7466
5707
374
8301
489
4843
8304
7757
4400
4607
6889
8309
3449
4268
8987
8
9179
4809
2581
6386
8318
5663
118
6495
3059
7767
1836
5680
7880
370
8840
8329
6660
7469
9173
5180
8942
645
5543
1605
8077
493
3892
240
1671
2648
8344
4132
2816
366
4508
7816
6787
6402
8352
2182
5806
2289
8356
8357
507
1902
655
1250
3218
2397
5281
9645
2863
1013
4053
5089
8869
2084
3335
8148
5283
3418
3760
9408
4503
8379
9692
5370
6654
302
2352
8320
2971
1054
2384
1062
7190
7314
8912
350
6917
8395
290
7415
8411
6907
1274
3376
4084
4653
986
7579
1987
7559
631
9667
5899
1055
2145
334
5503
4963
616
9913
3408
3891
5662
5507
4703
2123
5894
852
3867
8427
8428
3405
6211
1324
7544
6891
4405
8435
5435
1480
1904
3131
8870
7790
642
5443
2910
6910
3477
8808
2928
3246
8450
6506
4494
8453
5313
6913
8456
5718
4796
2188
809
8461
8462
8463
9804
3506
8228
7954
808
1566
6249
1072
7607
376
3748
233
8476
4501
9803
8479
5708
5757
8482
8554
2201
3214
4722
1855
7776
8349
9098
9506
9402
955
7998
6990
5405
8497
8683
6754
2980
985
5312
8503
164
6244
8438
2647
3980
8509
1609
8511
836
1925
8937
1314
8516
3865
5057
9872
8020
7779
323
4016
9777
5847
2842
8527
8528
9674
1459
1637
9040
4612
7300
1911
865
7820
5562
3236
8540
1676
5107
6222
6773
5694
2575
9871
8548
1559
953
8551
1347
5118
3330
7383
8238
4593
1201
5950
3104
1655
9848
1679
7532
1768
1792
9421
2251
9290
2774
2558
4491
6893
6511
8656
3817
2742
6143
6731
6968
8581
5025
6117
4373
8585
8586
4080
7940
5128
8275
5189
1590
2241
8610
7716
5722
2430
8598
7356
8615
7743
9975
6958
8604
8605
656
7388
8124
2662
1200
6739
9036
2544
5643
8600
8361
8617
5251
8312
3788
382
9589
3322
1886
4362
5157
3338
5604
4531
5288
9422
6622
2678
6258
564
878
6235
6043
8639
1253
8277
5511
9505
8644
5350
7431
1503
8648
9181
4263
8651
8652
2794
4324
9154
576
8657
4066
5229
8660
6318
8662
966
2209
3766
4485
248
4777
9116
8670
2667
766
136
1804
402
8976
1939
2521
4825
5110
2922
8682
180
8664
6399
6939
2494
5032
5324
1084
7034
4905
7864
8694
5852
1845
8697
1818
3518
4010
2539
2037
8703
7946
5502
2312
6294
5693
4676
8710
2029
4150
8731
8946
3199
8157
6672
8718
8719
2118
8759
3047
273
8724
1722
4308
3689
8712
2367
7460
7333
1630
7567
2180
2173
3704
4894
1421
9161
8740
8741
8622
2139
6675
5804
7298
4214
2281
8949
9617
8751
9514
8815
841
2897
8756
7285
5135
737
9312
7374
1543
8763
8764
2669
2404
3075
441
7310
1510
5031
6800
7134
2345
345
9988
8777
8778
4834
1642
3584
9811
2771
7498
3657
5970
8787
4731
5372
4619
5406
8599
788
923
9245
479
7455
2635
6320
7067
8801
8445
2890
1694
5927
5730
2984
8447
6782
4669
7907
1191
425
8814
6871
9774
5557
8571
3904
2073
5015
6039
8796
8640
4358
1871
9553
2884
8829
8830
7590
7297
8688
7099
1363
297
2021
9411
4706
1954
9747
7408
6780
8370
7756
4514
9376
5282
9174
4755
5310
2640
2016
1619
56
9024
3594
8858
4321
5630
9155
7119
7194
8421
8865
8673
6114
8868
8471
208
8871
6503
8873
9859
8875
1423
8877
8878
4851
8880
8881
3384
988
5646
3712
5517
5942
3813
1531
6251
1202
7596
1444
4349
338
8896
1710
69
447
8900
2948
1294
9463
7985
9414
8158
8907
9527
8909
8910
3663
278
9107
8914
6920
318
5528
2244
8919
8920
7487
2460
420
8391
9854
241
9256
8928
3509
8013
1075
8690
3800
5749
7827
567
825
4848
2495
2419
7841
862
4060
8944
5844
1556
9767
1787
4871
2904
7026
8952
5974
8954
8955
1081
4989
8747
8959
8526
6657
4340
8963
3453
1170
6413
1786
5087
2773
5132
9493
9564
1502
6715
6564
3747
8593
4184
9074
2772
8981
6424
2589
4023
6814
4197
4238
3787
814
4574
381
5308
5096
2717
9654
1208
8997
2306
1313
9000
5001
2934
2107
9449
4118
7311
4430
2304
9578
3956
11
1094
1088
4698
5723
4111
7653
8403
9019
9020
9021
3595
1000
200
9025
3831
6970
58
9029
1737
7890
8327
8794
6165
9035
8895
2792
5347
223
80
2429
9112
3514
9277
6903
250
5383
9270
5536
8826
9242
3022
9053
2050
4338
1932
7085
8788
2410
2968
6807
7335
6156
7858
4464
9131
1725
6576
3036
1526
2082
5182
3971
390
2935
2422
2597
4795
9079
4603
3725
9082
1364
6260
5914
9935
6600
6184
1751
9090
1783
7031
8086
9823
6158
7349
4953
7624
982
9749
4840
3749
7631
3352
7428
4052
7817
3471
3336
4793
4604
4983
2664
9525
6152
707
815
2329
7049
8832
2973
2535
8065
5044
9125
873
9236
6316
5665
7675
5116
9838
965
6149
9662
5067
735
9049
3560
8701
5830
915
2826
3679
9059
559
263
1639
9554
6259
163
9931
4193
2314
1562
2121
7153
9150
3393
5172
4841
9162
9766
6073
7611
443
728
9168
9247
9170
6510
7703
6144
5466
8226
5821
2136
6996
9824
4342
7036
6837
2003
2432
874
7406
1578
2062
7727
9190
7550
3479
8195
9837
7681
6283
1815
4824
9199
5739
217
3428
3046
8911
3291
4182
9207
9208
3821
6539
3535
9212
3881
9214
9178
9216
9217
509
2001
6514
1817
4727
8299
6047
7227
9894
5529
4635
6563
111
7162
8240
7187
7341
9308
5491
64
8112
9239
9240
2754
5300
7915
2463
8244
9393
7155
9248
1353
9250
3103
620
2920
232
9255
9127
9186
4717
5508
490
8785
9262
9263
9264
3003
7165
2981
9268
9817
7411
7848
4638
2234
7676
6979
4432
2912
1754
195
599
751
190
2350
842
5007
1039
3710
7849
8711
6267
4448
9563
9474
6641
9295
8002
8984
5542
21
5697
9301
9637
8890
7500
9305
4866
533
640
9741
3780
5047
9394
6844
9314
9969
5233
3436
9318
6894
4685
9852
3160
9323
9839
4954
9326
9327
7992
1625
6686
3926
9332
5042
9334
8137
6533
9046
5004
5901
9340
8045
2286
8417
6610
2386
2133
5755
3280
5626
9350
8035
9352
51
845
6022
1228
5669
9358
3427
9360
8678
6589
9537
351
698
3033
9367
8783
4582
1280
6180
805
8735
3501
9063
525
9377
5774
1937
748
5398
9382
477
1116
6914
5415
8789
9629
9389
5176
9391
1096
2679
6361
8442
4941
3463
9398
3579
2299
1254
5441
82
1336
5863
7995
8115
5696
2822
9622
5975
1215
9413
3312
9415
3539
4586
29
8402
99
6247
3599
9423
1799
619
6229
5737
6596
5280
9430
9431
9432
3326
5956
9435
9436
1763
2834
6875
8129
547
4999
1852
6507
4471
4273
7055
4102
4089
9450
2175
7084
9585
8531
1147
3111
7126
7221
41
5198
6468
9048
9886
1778
4228
4492
9467
9468
1418
9664
1547
1743
3028
5622
9976
9476
9165
276
5855
300
9568
2951
322
9484
4592
5701
5791
2438
9489
2111
3324
3859
8292
753
2431
7656
6797
2550
9939
6199
7503
8501
4024
8046
5673
2938
8784
1681
9509
9510
9511
3467
9513
9535
9342
9516
929
565
245
1708
5710
2674
7874
2061
5452
9526
340
9438
9529
657
2931
9615
9260
6362
999
9536
1504
7474
9372
1298
7774
6753
1479
2954
7712
1227
9390
641
5232
1340
9556
9552
1579
7440
5017
9145
7380
9558
8285
5917
4709
6542
8755
2564
4570
2697
6518
1050
4187
7248
6183
138
4000
2616
9575
9576
5293
3589
9579
7840
7011
3549
2186
8339
9453
5194
5066
7183
3804
2908
898
3525
6174
8224
6415
1648
6505
372
9433
1597
9072
5023
9060
5362
9605
583
837
9608
5692
9610
1152
4884
1126
9614
5837
9616
3149
6384
444
3358
8146
2212
9623
7230
944
2451
7014
9628
8779
3204
9631
5538
3967
9634
9519
9636
4807
2265
7458
859
6328
8530
4189
277
2625
346
9246
1879
9348
3675
6331
7925
2753
4061
738
9656
9657
7216
9659
226
2344
3038
2619
1765
5635
9251
219
6919
7970
6266
9387
8667
3816
4943
9675
2907
9472
3735
1419
4043
4567
9111
3223
820
1446
1428
9488
8514
9725
9690
2545
1241
212
5030
9560
780
9677
9698
4734
2368
3378
5834
6096
6719
4568
8803
4754
2511
8833
5523
3159
9712
3158
8104
4869
9796
7809
3187
134
7920
3706
8354
9723
4240
1664
9726
9896
6212
3878
5931
9731
5642
4584
9215
3586
5624
1941
6248
369
2538
314
974
6776
1755
1350
6707
833
9748
3173
2284
2845
7499
5892
6356
3425
8632
719
8237
9759
5753
4746
9762
2413
1769
3241
4835
9113
8872
8279
4234
9771
3009
5785
3947
8845
9791
8524
1724
6009
9991
5743
5374
9783
243
5134
5827
1074
9788
2684
5501
2815
6843
7317
3913
9795
8555
9417
7041
9799
1127
7122
9571
9706
793
4831
9806
9807
8399
3708
3007
6129
7785
1024
3510
1574
7400
6762
5456
9819
1063
1401
2362
1967
1333
6130
3832
9827
3647
5772
5075
6964
9832
9833
5813
8350
5799
4952
5432
9324
4629
2055
2886
6924
3763
5577
2341
9847
2226
9335
7730
8647
5005
9853
3101
3089
5908
8879
3761
2714
1424
5238
3927
7902
6912
7679
9457
8709
4318
9862
919
4542
589
6440
8576
8039
5457
3364
2152
2130
4265
8083
19
9883
421
747
6016
3025
4858
2288
6860
6281
9522
7935
2325
9895
4940
2324
9898
8342
9900
9901
6291
8229
3200
9428
1186
3209
2287
2342
9296
7463
9912
4981
4175
9915
6746
9917
2517
393
8643
2195
9922
9923
9924
4447
4801
8258
7944
9929
7471
1844
9932
9933
1380
791
879
9937
9938
4896
8168
9941
9942
9943
5145
9945
283
9947
9948
3610
6976
3651
3884
9953
9954
3302
1246
8353
3431
26
9960
8520
9427
9963
5666
9965
5929
644
4154
4404
1218
9104
9972
9973
9531
3962
2185
40
9978
7775
6856
7219
7275
9983
6308
2791
950
4126
8995
3676
2812
1484
2020
4995
8993
761
5390
2576
9998
9416
